0 0 0 C
0 0 1 C
0 0 2 C
0 0 3 W
0 0 4 W
0 1 0 C
0 1 1 C
0 1 2 C
0 1 3 W
0 1 4 W
0 2 0 C
0 2 1 C
0 2 2 C
0 2 3 W
0 2 4 W
0 3 0 E
0 3 1 E
0 3 2 E
0 3 3 S
0 3 4 SW
0 4 0 E
0 4 1 E
0 4 2 E
0 4 3 SE
0 4 4 S
1 0 0 C
1 0 1 C
1 0 2 C
1 0 3 W
1 0 4 W
1 1 0 C
1 1 1 C
1 1 2 C
1 1 3 W
1 1 4 W
1 2 0 C
1 2 1 C
1 2 2 C
1 2 3 W
1 2 4 W
1 3 0 E
1 3 1 E
1 3 2 E
1 3 3 S
1 3 4 SW
1 4 0 E
1 4 1 E
1 4 2 E
1 4 3 SE
1 4 4 S
2 0 0 C
2 0 1 C
2 0 2 C
2 0 3 W
2 0 4 W
2 1 0 C
2 1 1 C
2 1 2 C
2 1 3 W
2 1 4 W
2 2 0 C
2 2 1 C
2 2 2 C
2 2 3 W
2 2 4 W
2 3 0 E
2 3 1 E
2 3 2 E
2 3 3 S
2 3 4 SW
2 4 0 E
2 4 1 E
2 4 2 E
2 4 3 SE
2 4 4 S
3 0 0 N
3 0 1 N
3 0 2 N
3 0 3 C
3 0 4 W
3 1 0 N
3 1 1 N
3 1 2 N
3 1 3 C
3 1 4 W
3 2 0 N
3 2 1 N
3 2 2 N
3 2 3 C
3 2 4 W
3 3 0 NE
3 3 1 NE
3 3 2 NE
3 3 3 C
3 3 4 C
3 4 0 E
3 4 1 E
3 4 2 E
3 4 3 C
3 4 4 C
4 0 0 N
4 0 1 N
4 0 2 N
4 0 3 N
4 0 4 C
4 1 0 N
4 1 1 N
4 1 2 N
4 1 3 N
4 1 4 C
4 2 0 N
4 2 1 N
4 2 2 N
4 2 3 N
4 2 4 C
4 3 0 N
4 3 1 N
4 3 2 N
4 3 3 C
4 3 4 C
4 4 0 NE
4 4 1 NE
4 4 2 NE
4 4 3 C
4 4 4 C
